0	0
0	0
0	1
0	1
0	2
0	2
0	2
0	3
0	4
0	4
0	4
0	6
0	6
0	8
0	15
0	16
0	16
0	16
0	17
0	17
0	18
0	18
0	20
0	24
0	25
0	26
0	27
0	35
0	35
0	36
0	38
0	38
0	38
0	41
0	50
0	52
0	54
0	68
0	77
0	80
0	82
0	84
0	93
0	98
0	99
0	101
0	110
0	113
0	130
0	130
0	132
0	136
0	139
0	144
0	145
0	151
0	160
0	160
0	162
0	163
0	164
0	172
0	192
0	193
0	197
0	209
0	212
0	256
0	256
0	257
0	258
0	262
0	264
0	266
0	268
0	269
0	272
0	275
0	279
0	283
0	288
0	288
0	288
0	294
0	296
0	296
0	302
0	304
0	320
0	325
0	336
0	338
0	339
0	344
0	346
0	353
0	362
0	364
0	385
0	389
0	395
0	398
0	400
0	400
0	400
0	414
0	469
0	512
0	513
0	513
0	515
0	515
0	516
0	519
0	522
0	529
0	529
0	533
0	537
0	545
0	552
0	558
0	576
0	592
0	607
0	609
0	616
0	624
0	643
0	647
0	649
0	649
0	664
0	737
0	741
0	768
0	768
0	770
0	770
0	778
0	781
0	788
0	793
0	805
0	805
0	822
0	880
0	901
0	905
0	912
0	916
0	929
0	944
0	961
0	996
0	1003
1	0
1	2
1	2
1	4
1	12
1	20
1	20
1	20
1	24
1	35
1	40
1	42
1	49
1	64
1	67
1	68
1	68
1	79
1	84
1	88
1	98
1	108
1	128
1	128
1	128
1	130
1	132
1	132
1	132
1	133
1	136
1	139
1	156
1	160
1	161
1	163
1	222
1	224
1	225
1	227
1	228
1	233
1	256
1	258
1	274
1	305
1	392
1	410
1	446
1	512
1	513
1	516
1	517
1	528
1	533
1	544
1	605
1	649
1	673
1	688
1	741
1	770
1	843
1	963
2	0
2	0
2	2
2	2
2	8
2	8
2	9
2	10
2	14
2	19
2	20
2	34
2	38
2	42
2	48
2	56
2	60
2	68
2	70
2	72
2	108
2	128
2	129
2	140
2	152
2	153
2	160
2	163
2	177
2	181
2	193
2	234
2	256
2	256
2	256
2	257
2	266
2	266
2	266
2	272
2	290
2	324
2	335
2	386
2	390
2	390
2	396
2	512
2	513
2	515
2	517
2	528
2	530
2	548
2	572
2	580
2	580
2	586
2	589
2	594
2	605
2	640
2	652
2	656
2	657
2	664
2	673
2	692
2	704
2	708
2	728
2	736
2	738
2	744
2	768
2	771
2	797
2	801
2	832
2	928
2	934
2	1008
3	0
3	2
3	2
3	6
3	16
3	26
3	40
3	50
3	66
3	74
3	104
3	128
3	145
3	188
3	194
3	196
3	256
3	280
3	306
3	329
3	455
3	479
3	516
3	577
3	577
3	577
3	578
3	614
3	646
3	658
3	744
3	769
3	771
3	800
3	858
3	901
4	1
4	2
4	4
4	5
4	8
4	12
4	18
4	22
4	22
4	24
4	25
4	29
4	38
4	51
4	52
4	64
4	66
4	67
4	84
4	96
4	104
4	118
4	128
4	130
4	130
4	134
4	138
4	140
4	156
4	158
4	161
4	193
4	196
4	208
4	230
4	242
4	258
4	263
4	264
4	269
4	274
4	276
4	286
4	288
4	328
4	328
4	331
4	332
4	360
4	419
4	460
4	472
4	518
4	518
4	532
4	540
4	545
4	553
4	576
4	578
4	587
4	616
4	646
4	680
4	704
4	704
4	736
4	742
4	770
4	786
4	788
4	801
4	820
4	850
4	917
4	941
4	995
5	0
5	1
5	2
5	10
5	13
5	16
5	17
5	20
5	34
5	34
5	55
5	68
5	106
5	131
5	140
5	152
5	160
5	160
5	169
5	176
5	225
5	263
5	276
5	306
5	397
5	488
5	512
5	512
5	520
5	528
5	537
5	561
5	566
5	582
5	584
5	641
5	641
5	657
5	704
5	782
5	786
5	792
5	866
5	922
6	0
6	2
6	5
6	35
6	60
6	76
6	83
6	94
6	120
6	130
6	135
6	162
6	172
6	193
6	258
6	264
6	304
6	317
6	352
6	384
6	384
6	451
6	520
6	596
6	609
6	640
6	641
6	768
6	788
6	806
6	830
6	1000
7	1
7	10
7	18
7	20
7	30
7	32
7	41
7	48
7	68
7	119
7	195
7	213
7	270
7	291
7	298
7	320
7	337
7	352
7	448
7	512
7	514
7	770
7	780
7	848
7	900
7	941
8	4
8	7
8	12
8	13
8	19
8	21
8	32
8	32
8	39
8	42
8	48
8	64
8	67
8	67
8	71
8	112
8	133
8	137
8	152
8	170
8	176
8	193
8	209
8	225
8	226
8	256
8	259
8	276
8	298
8	323
8	330
8	354
8	355
8	356
8	356
8	360
8	362
8	388
8	405
8	432
8	438
8	448
8	448
8	450
8	512
8	516
8	525
8	544
8	554
8	558
8	576
8	578
8	592
8	613
8	622
8	632
8	648
8	696
8	696
8	712
8	737
8	742
8	758
8	763
8	768
8	792
8	840
8	896
8	897
8	926
8	935
9	0
9	2
9	10
9	15
9	33
9	34
9	34
9	48
9	56
9	72
9	76
9	82
9	82
9	204
9	238
9	240
9	262
9	270
9	300
9	304
9	306
9	345
9	408
9	553
9	554
9	581
9	612
9	656
9	681
9	707
9	782
9	785
9	807
9	818
9	840
10	4
10	9
10	16
10	20
10	26
10	38
10	48
10	66
10	89
10	94
10	113
10	128
10	137
10	144
10	165
10	214
10	222
10	231
10	249
10	264
10	273
10	312
10	320
10	329
10	385
10	441
10	516
10	551
10	591
10	648
10	652
10	720
10	769
10	771
10	772
10	773
10	836
10	837
10	840
11	4
11	19
11	52
11	67
11	102
11	132
11	178
11	186
11	192
11	194
11	225
11	258
11	260
11	273
11	304
11	319
11	340
11	372
11	388
11	585
11	601
11	768
11	768
11	852
11	920
12	5
12	8
12	16
12	20
12	29
12	29
12	33
12	83
12	83
12	105
12	109
12	114
12	130
12	134
12	151
12	184
12	240
12	274
12	328
12	512
12	528
12	532
12	562
12	576
12	640
12	689
12	768
12	770
12	813
12	896
12	961
13	8
13	28
13	35
13	51
13	168
13	240
13	279
13	305
13	320
13	340
13	513
13	518
13	521
13	529
13	544
13	589
13	592
13	770
13	936
14	1
14	2
14	3
14	10
14	66
14	140
14	162
14	168
14	260
14	384
14	513
14	578
14	580
14	584
14	696
14	703
14	772
14	814
15	19
15	26
15	139
15	140
15	296
15	352
15	544
15	550
15	625
15	664
15	689
15	785
15	884
15	916
15	928
16	0
16	2
16	2
16	3
16	8
16	8
16	10
16	18
16	19
16	24
16	34
16	34
16	36
16	39
16	65
16	69
16	77
16	82
16	97
16	97
16	106
16	126
16	128
16	138
16	144
16	144
16	144
16	149
16	158
16	161
16	177
16	181
16	192
16	192
16	193
16	201
16	206
16	232
16	251
16	256
16	258
16	258
16	261
16	266
16	272
16	281
16	289
16	304
16	410
16	416
16	419
16	486
16	514
16	515
16	516
16	522
16	524
16	527
16	528
16	548
16	552
16	553
16	627
16	628
16	638
16	640
16	641
16	643
16	648
16	696
16	705
16	710
16	743
16	768
16	778
16	800
16	872
16	896
16	899
16	962
17	0
17	0
17	3
17	20
17	24
17	83
17	96
17	100
17	100
17	136
17	184
17	192
17	256
17	258
17	265
17	273
17	284
17	290
17	328
17	417
17	521
17	525
17	528
17	544
17	548
17	571
17	594
17	602
17	644
17	743
17	776
17	783
17	800
17	928
17	960
17	966
18	3
18	10
18	20
18	28
18	34
18	56
18	56
18	81
18	130
18	131
18	133
18	165
18	172
18	267
18	296
18	355
18	448
18	464
18	532
18	652
18	737
18	760
18	776
18	776
18	785
18	790
18	835
18	849
19	8
19	8
19	8
19	11
19	16
19	54
19	55
19	72
19	133
19	145
19	167
19	192
19	200
19	248
19	259
19	264
19	276
19	307
19	596
19	686
20	4
20	16
20	32
20	32
20	33
20	33
20	35
20	48
20	64
20	70
20	80
20	130
20	133
20	144
20	196
20	216
20	226
20	270
20	285
20	289
20	321
20	321
20	417
20	485
20	528
20	544
20	582
20	602
20	648
20	786
20	848
20	897
20	901
20	901
21	1
21	4
21	4
21	82
21	89
21	128
21	139
21	154
21	232
21	256
21	262
21	303
21	310
21	400
21	414
21	513
21	533
21	549
21	608
21	609
21	672
21	864
22	32
22	82
22	82
22	130
22	193
22	196
22	221
22	274
22	309
22	393
22	525
22	528
22	634
22	741
22	782
22	976
23	147
23	307
23	409
23	576
23	736
24	0
24	0
24	0
24	2
24	4
24	7
24	12
24	18
24	25
24	38
24	53
24	56
24	72
24	92
24	96
24	100
24	133
24	145
24	152
24	212
24	262
24	269
24	467
24	565
24	609
24	609
24	640
24	653
24	690
24	720
24	768
24	814
24	972
25	4
25	48
25	96
25	208
25	276
25	293
25	312
25	384
25	400
25	411
25	444
25	680
25	688
25	695
25	700
25	841
25	857
25	864
26	5
26	16
26	16
26	25
26	48
26	51
26	54
26	64
26	83
26	89
26	120
26	121
26	162
26	171
26	208
26	256
26	282
26	285
26	327
26	369
26	416
26	426
26	548
26	549
26	580
26	690
27	5
27	33
27	87
27	263
27	288
27	440
27	548
27	704
27	796
27	882
28	38
28	58
28	68
28	90
28	130
28	161
28	166
28	385
28	452
28	534
28	538
28	581
28	620
28	648
28	656
28	923
29	136
29	161
29	165
29	207
29	272
29	273
29	288
29	288
29	384
29	464
29	561
29	706
29	772
29	810
29	936
30	87
30	96
30	260
30	496
30	525
30	579
30	596
31	84
31	289
31	470
32	0
32	2
32	5
32	5
32	9
32	9
32	10
32	18
32	26
32	38
32	67
32	69
32	76
32	84
32	85
32	96
32	117
32	127
32	128
32	133
32	134
32	141
32	141
32	144
32	161
32	168
32	212
32	212
32	244
32	260
32	296
32	402
32	456
32	460
32	481
32	513
32	513
32	514
32	518
32	521
32	534
32	564
32	567
32	570
32	624
32	641
32	642
32	644
32	645
32	697
32	704
32	721
32	769
32	896
33	0
33	1
33	6
33	8
33	8
33	17
33	20
33	66
33	92
33	92
33	101
33	114
33	129
33	163
33	206
33	268
33	385
33	389
33	452
33	517
33	529
33	547
33	550
33	556
33	665
33	705
33	722
33	768
33	769
33	774
33	832
34	6
34	33
34	33
34	64
34	66
34	69
34	74
34	84
34	121
34	128
34	128
34	134
34	153
34	195
34	196
34	265
34	328
34	352
34	368
34	384
34	512
34	518
34	544
34	546
34	550
34	588
34	629
34	900
35	3
35	6
35	17
35	41
35	68
35	69
35	96
35	97
35	128
35	140
35	140
35	256
35	268
35	298
35	384
35	530
35	581
35	595
35	630
35	682
35	710
35	755
35	910
36	8
36	8
36	39
36	43
36	49
36	60
36	77
36	81
36	84
36	100
36	113
36	120
36	128
36	138
36	144
36	147
36	164
36	165
36	182
36	208
36	210
36	218
36	228
36	310
36	372
36	388
36	423
36	520
36	524
36	531
36	569
36	625
36	635
36	676
36	723
36	768
36	768
36	768
36	792
36	817
36	819
36	961
37	40
37	56
37	57
37	127
37	136
37	140
37	181
37	258
37	264
37	280
37	289
37	421
37	512
37	517
37	536
37	582
37	722
37	936
38	1
38	16
38	69
38	82
38	196
38	213
38	224
38	256
38	288
38	292
38	384
38	407
38	549
38	591
38	640
38	683
38	856
39	10
39	70
39	147
39	189
39	256
39	418
39	422
39	536
39	788
39	802
40	0
40	1
40	16
40	40
40	46
40	46
40	54
40	65
40	143
40	144
40	145
40	151
40	193
40	202
40	220
40	232
40	256
40	275
40	298
40	304
40	304
40	313
40	339
40	348
40	388
40	440
40	512
40	512
40	514
40	553
40	768
40	774
41	4
41	7
41	88
41	142
41	150
41	177
41	273
41	276
41	329
41	384
41	388
41	464
41	483
41	554
41	608
41	656
41	684
41	791
41	844
41	864
42	26
42	67
42	165
42	283
42	394
42	488
42	523
42	538
42	688
42	720
43	8
43	51
43	68
43	128
43	392
43	404
43	412
43	513
43	518
43	576
43	586
43	609
44	2
44	3
44	4
44	8
44	28
44	33
44	40
44	66
44	66
44	74
44	179
44	204
44	256
44	274
44	288
44	340
44	531
44	540
44	553
44	558
44	576
44	577
44	780
44	913
44	916
45	33
45	44
45	105
45	200
45	229
45	453
45	536
45	650
45	671
45	680
46	537
46	788
47	9
47	332
47	450
47	454
47	530
47	532
47	772
48	0
48	4
48	8
48	29
48	32
48	36
48	38
48	39
48	64
48	68
48	72
48	128
48	130
48	169
48	192
48	230
48	257
48	257
48	258
48	262
48	298
48	362
48	366
48	449
48	494
48	497
48	513
48	516
48	520
48	528
48	528
48	576
48	634
48	656
48	657
48	664
48	691
48	700
48	728
48	833
48	899
48	968
49	34
49	146
49	148
49	218
49	264
49	264
49	304
49	426
49	493
49	517
49	532
49	664
49	776
49	904
50	2
50	18
50	23
50	34
50	40
50	106
50	128
50	144
50	144
50	196
50	234
50	256
50	260
50	295
50	324
50	401
50	552
50	563
50	577
50	952
51	1
51	9
51	166
51	194
51	341
51	482
51	534
51	642
51	678
51	728
52	0
52	3
52	8
52	61
52	157
52	256
52	305
52	441
52	496
52	548
52	601
52	642
52	771
52	778
52	816
53	64
53	136
53	258
53	304
53	308
53	321
53	413
53	772
54	0
54	8
54	23
54	76
54	82
54	260
54	272
54	360
54	534
54	656
54	931
55	101
55	260
55	277
55	545
55	816
56	7
56	25
56	50
56	69
56	164
56	234
56	256
56	257
56	275
56	290
56	484
56	514
56	531
56	564
56	592
56	596
56	633
56	642
56	646
56	651
56	832
57	94
57	107
57	133
57	167
57	192
57	268
57	684
57	722
57	841
57	864
57	930
58	72
58	137
58	523
58	553
58	608
58	688
59	64
59	112
59	258
59	452
59	524
59	608
59	778
59	940
60	0
60	129
60	168
60	194
60	234
60	580
60	794
61	66
61	112
61	162
61	193
61	270
61	538
61	738
62	4
62	5
62	48
62	355
62	388
63	162
63	768
64	0
64	0
64	3
64	3
64	6
64	8
64	10
64	14
64	16
64	19
64	38
64	40
64	48
64	50
64	62
64	75
64	76
64	97
64	98
64	99
64	132
64	139
64	144
64	144
64	154
64	160
64	164
64	186
64	225
64	232
64	234
64	261
64	264
64	278
64	298
64	299
64	332
64	343
64	403
64	413
64	419
64	432
64	491
64	512
64	512
64	524
64	538
64	545
64	549
64	561
64	568
64	589
64	609
64	631
64	642
64	647
64	652
64	663
64	665
64	720
64	768
64	781
64	792
64	800
64	928
64	936
65	0
65	1
65	4
65	8
65	16
65	24
65	32
65	50
65	57
65	66
65	67
65	82
65	100
65	134
65	181
65	184
65	218
65	270
65	392
65	522
65	561
65	573
65	576
65	581
65	600
65	616
65	648
65	784
65	816
65	873
66	0
66	0
66	0
66	1
66	4
66	12
66	14
66	16
66	18
66	23
66	29
66	65
66	92
66	96
66	133
66	177
66	214
66	278
66	288
66	291
66	322
66	340
66	386
66	462
66	465
66	517
66	517
66	547
66	550
66	598
66	656
66	668
66	690
66	700
66	708
66	849
66	966
67	16
67	28
67	74
67	89
67	96
67	134
67	136
67	256
67	256
67	261
67	279
67	342
67	357
67	362
67	388
67	390
67	642
67	683
67	730
67	912
68	0
68	1
68	3
68	3
68	9
68	12
68	21
68	32
68	42
68	65
68	72
68	102
68	146
68	148
68	153
68	172
68	233
68	256
68	260
68	261
68	264
68	264
68	266
68	296
68	314
68	314
68	317
68	324
68	324
68	361
68	392
68	396
68	514
68	520
68	530
68	532
68	533
68	604
68	609
68	610
68	656
68	703
68	746
68	832
68	866
69	0
69	2
69	8
69	27
69	32
69	32
69	44
69	48
69	49
69	73
69	74
69	242
69	264
69	432
69	512
69	564
69	605
69	698
69	722
69	792
69	798
69	903
70	3
70	8
70	9
70	14
70	32
70	32
70	128
70	157
70	162
70	241
70	256
70	264
70	453
70	513
70	520
70	528
70	536
70	549
70	579
70	590
70	646
70	675
70	800
71	189
71	288
71	352
71	395
71	592
72	8
72	10
72	20
72	24
72	32
72	40
72	45
72	66
72	80
72	128
72	144
72	148
72	152
72	161
72	194
72	258
72	259
72	262
72	264
72	325
72	490
72	520
72	529
72	532
72	533
72	552
72	564
72	576
72	592
72	594
72	674
72	688
72	752
72	800
72	840
72	931
73	2
73	4
73	6
73	56
73	104
73	133
73	133
73	162
73	266
73	282
73	300
73	389
73	464
73	833
73	840
74	16
74	16
74	33
74	65
74	83
74	128
74	146
74	164
74	168
74	174
74	288
74	376
74	385
74	408
74	475
74	512
74	525
74	525
74	532
74	544
74	677
74	768
75	8
75	57
75	76
75	96
75	180
75	260
75	262
75	273
75	274
75	302
75	320
75	773
75	782
76	2
76	7
76	35
76	56
76	68
76	74
76	89
76	129
76	273
76	304
76	550
76	553
76	586
76	586
76	680
76	720
76	768
76	778
76	832
76	980
77	0
77	82
77	146
77	288
77	541
77	593
77	936
78	68
78	233
78	438
78	500
78	584
78	641
78	642
78	644
78	682
78	793
79	16
79	106
79	145
79	384
80	4
80	9
80	11
80	12
80	16
80	16
80	20
80	32
80	32
80	44
80	54
80	64
80	69
80	128
80	162
80	163
80	192
80	200
80	208
80	229
80	268
80	285
80	330
80	331
80	344
80	360
80	512
80	594
80	628
80	644
80	674
80	763
80	820
80	945
80	996
81	33
81	60
81	105
81	145
81	205
81	208
81	210
81	275
81	292
81	463
81	537
81	544
81	831
81	932
82	1
82	1
82	4
82	12
82	16
82	16
82	22
82	82
82	87
82	121
82	200
82	217
82	256
82	256
82	282
82	416
82	520
82	528
82	558
82	578
82	794
82	916
83	1
83	2
83	45
83	86
83	87
83	137
83	263
83	268
83	338
83	353
83	492
83	665
84	1
84	17
84	20
84	70
84	196
84	217
84	257
84	261
84	273
84	306
84	398
84	405
84	517
84	552
84	660
84	672
85	1
85	65
85	101
85	145
85	488
85	576
85	770
85	970
86	4
86	9
86	28
86	64
86	134
86	193
86	220
86	560
86	963
87	140
87	256
88	0
88	4
88	18
88	32
88	64
88	68
88	74
88	97
88	160
88	260
88	264
88	276
88	277
88	341
88	415
88	450
88	514
88	516
88	534
88	992
88	993
89	0
89	2
89	5
89	12
89	83
89	90
89	237
89	333
89	577
89	596
89	775
90	18
90	67
90	80
90	128
90	264
90	272
90	280
90	468
90	584
90	600
91	520
92	16
92	29
92	56
92	64
92	176
92	512
92	598
92	624
93	2
93	32
93	81
93	129
93	646
94	260
94	532
95	39
96	0
96	1
96	6
96	16
96	33
96	45
96	54
96	65
96	66
96	85
96	94
96	101
96	130
96	165
96	167
96	228
96	262
96	277
96	280
96	298
96	337
96	544
96	544
96	645
96	655
96	658
96	665
96	974
96	1010
97	0
97	1
97	64
97	68
97	201
97	223
97	328
97	450
97	496
97	580
97	729
97	737
97	776
97	787
97	901
98	39
98	78
98	83
98	92
98	130
98	160
98	196
98	260
98	276
98	278
98	301
98	320
98	335
98	392
98	459
98	549
98	600
98	641
98	681
99	17
99	25
99	364
99	768
100	0
100	0
100	23
100	36
100	52
100	130
100	136
100	138
100	168
100	256
100	263
100	267
100	282
100	335
100	438
100	451
100	490
100	512
100	548
100	919
101	1
101	8
101	36
101	129
101	270
101	321
101	593
101	810
101	864
102	40
102	160
102	165
102	282
102	353
102	610
103	0
103	128
103	206
103	843
103	993
104	4
104	9
104	52
104	69
104	80
104	128
104	131
104	141
104	194
104	240
104	272
104	323
104	397
104	448
104	543
104	544
104	544
104	562
104	594
104	596
104	665
105	19
105	98
105	130
105	294
105	386
105	517
105	786
106	0
106	15
106	20
106	87
106	132
106	168
106	184
106	288
106	391
106	516
106	672
106	799
106	961
107	256
107	480
108	2
108	21
108	28
108	56
108	64
108	268
108	417
108	512
108	642
108	714
108	793
108	811
108	833
109	8
109	76
109	464
109	642
110	64
110	100
110	132
110	157
110	228
110	653
110	774
110	852
110	904
111	453
111	531
111	594
112	0
112	1
112	1
112	31
112	70
112	96
112	124
112	129
112	142
112	160
112	169
112	194
112	340
112	353
112	384
112	409
112	448
112	464
112	513
112	584
112	610
112	736
112	755
112	848
112	960
113	0
113	8
113	24
113	36
113	56
113	73
113	194
113	196
113	272
113	289
113	515
113	594
113	642
113	833
114	76
114	128
114	142
114	201
114	290
114	771
114	819
115	2
115	5
115	138
115	145
115	592
115	832
116	8
116	69
116	800
116	986
117	104
117	108
117	645
118	0
118	50
118	102
118	129
118	580
119	5
119	280
119	452
120	0
120	58
120	65
120	128
120	144
120	144
120	151
120	386
120	538
120	808
120	849
121	592
121	599
122	291
122	516
123	44
123	441
123	778
124	7
124	100
124	101
124	106
124	593
124	819
124	859
124	924
125	324
125	528
125	939
126	0
126	64
126	282
126	522
126	536
126	833
127	394
128	0
128	1
128	1
128	1
128	4
128	6
128	10
128	12
128	16
128	16
128	17
128	18
128	18
128	33
128	34
128	35
128	36
128	49
128	51
128	56
128	58
128	60
128	64
128	68
128	68
128	69
128	89
128	100
128	106
128	112
128	124
128	128
128	130
128	130
128	132
128	135
128	136
128	138
128	160
128	161
128	192
128	217
128	227
128	259
128	265
128	272
128	292
128	293
128	296
128	320
128	320
128	402
128	414
128	512
128	515
128	517
128	517
128	519
128	520
128	520
128	521
128	528
128	544
128	544
128	545
128	578
128	581
128	646
128	662
128	673
128	699
128	720
128	734
128	751
128	768
128	770
128	785
128	803
128	818
128	822
128	826
128	887
129	0
129	4
129	9
129	20
129	34
129	65
129	74
129	116
129	128
129	130
129	144
129	188
129	213
129	256
129	288
129	291
129	392
129	406
129	424
129	430
129	512
129	513
129	516
129	519
129	523
129	538
129	546
129	562
129	581
129	601
129	641
129	641
129	644
129	669
129	768
129	851
129	992
130	0
130	1
130	1
130	5
130	17
130	32
130	56
130	88
130	102
130	110
130	128
130	129
130	130
130	136
130	142
130	176
130	196
130	260
130	272
130	297
130	325
130	342
130	360
130	388
130	418
130	432
130	512
130	515
130	516
130	593
130	608
130	658
131	0
131	20
131	24
131	41
131	65
131	80
131	131
131	135
131	144
131	154
131	235
131	256
131	267
131	282
131	300
131	308
131	314
131	369
131	384
131	480
131	576
131	580
131	662
131	777
132	0
132	3
132	4
132	11
132	64
132	64
132	86
132	93
132	96
132	150
132	156
132	270
132	322
132	336
132	394
132	400
132	408
132	519
132	521
132	529
132	579
132	609
132	666
132	897
132	923
132	1007
133	5
133	56
133	106
133	129
133	192
133	257
133	257
133	273
133	323
133	520
133	528
133	528
133	577
133	580
133	585
133	620
133	656
133	776
133	844
133	982
134	20
134	32
134	52
134	52
134	91
134	97
134	99
134	133
134	152
134	258
134	345
134	352
134	518
134	577
134	609
134	649
134	752
134	765
134	773
134	792
134	881
134	894
135	82
135	130
135	192
135	256
135	785
136	0
136	1
136	52
136	63
136	66
136	68
136	88
136	94
136	96
136	161
136	162
136	184
136	256
136	272
136	288
136	288
136	310
136	362
136	403
136	448
136	513
136	518
136	520
136	537
136	613
136	640
136	666
136	866
136	900
136	904
137	8
137	25
137	84
137	132
137	160
137	202
137	384
137	388
137	521
137	548
137	600
137	642
137	661
137	665
137	740
137	769
137	809
137	961
138	8
138	16
138	18
138	18
138	46
138	51
138	131
138	144
138	256
138	262
138	264
138	268
138	276
138	386
138	516
138	519
138	648
138	788
138	908
139	4
139	22
139	36
139	71
139	129
139	226
139	227
139	257
139	782
139	916
140	8
140	12
140	22
140	32
140	34
140	64
140	64
140	153
140	176
140	230
140	244
140	260
140	272
140	313
140	356
140	389
140	432
140	576
140	810
140	905
140	906
141	32
141	258
141	592
142	1
142	5
142	64
142	132
142	137
142	150
142	178
142	264
142	320
142	330
142	592
142	778
143	0
143	1
143	84
143	268
143	385
143	756
144	0
144	1
144	5
144	15
144	20
144	28
144	30
144	32
144	36
144	48
144	60
144	65
144	86
144	99
144	162
144	212
144	256
144	259
144	260
144	276
144	385
144	399
144	512
144	564
144	570
144	578
144	578
144	586
144	620
144	641
144	693
144	739
144	768
144	782
144	795
144	801
144	856
145	0
145	1
145	4
145	8
145	14
145	16
145	27
145	56
145	68
145	80
145	85
145	135
145	148
145	284
145	392
145	512
145	776
145	800
145	833
145	839
146	0
146	6
146	12
146	29
146	38
146	58
146	72
146	80
146	130
146	197
146	278
146	448
146	513
146	516
146	521
146	539
146	556
146	560
146	645
146	768
146	992
147	6
147	24
147	67
147	129
147	257
147	266
147	360
148	24
148	64
148	192
148	226
148	241
148	456
148	513
148	530
148	547
148	581
148	608
148	659
148	723
148	783
149	26
149	32
149	33
149	114
149	222
149	280
149	296
149	346
149	448
149	468
149	480
149	655
149	786
149	820
149	853
150	4
150	9
150	32
150	108
150	196
150	291
150	525
150	530
150	532
150	833
150	866
151	43
151	80
151	472
151	820
152	0
152	17
152	64
152	82
152	105
152	144
152	182
152	274
152	521
152	531
152	556
152	797
152	964
153	18
153	140
153	180
153	254
153	530
153	578
153	720
154	69
154	136
154	257
154	404
154	513
154	591
154	833
154	837
155	130
155	744
156	1
156	82
156	280
156	360
156	395
156	512
156	528
156	548
156	610
156	632
156	707
156	782
156	785
156	821
157	28
158	132
158	321
158	604
158	904
160	6
160	9
160	34
160	72
160	181
160	196
160	198
160	250
160	258
160	320
160	332
160	338
160	386
160	451
160	465
160	499
160	514
160	580
160	584
160	616
160	619
160	643
160	776
160	978
160	1020
161	0
161	2
161	4
161	13
161	16
161	21
161	43
161	68
161	92
161	193
161	259
161	264
161	275
161	303
161	333
161	512
161	529
161	582
161	666
161	784
162	3
162	8
162	16
162	37
162	62
162	88
162	113
162	144
162	192
162	310
162	322
162	393
162	601
162	608
162	715
162	791
162	798
163	36
163	45
163	99
163	129
163	164
163	250
163	321
163	659
163	873
164	28
164	32
164	81
164	192
164	401
164	466
164	542
164	544
164	551
164	623
164	785
164	803
164	916
165	0
165	12
165	16
165	49
165	74
165	128
165	136
165	418
165	980
166	0
166	3
166	56
166	75
166	129
166	373
166	515
166	521
166	552
166	834
167	28
167	376
167	387
167	472
167	515
167	936
168	4
168	34
168	66
168	70
168	80
168	81
168	96
168	104
168	156
168	160
168	205
168	232
168	273
168	298
168	421
168	520
168	524
168	545
168	561
168	592
168	656
168	768
168	772
168	784
168	802
168	813
168	896
169	0
169	2
169	32
169	64
169	140
169	209
169	424
169	544
169	789
169	836
170	197
170	546
170	569
170	650
170	818
171	1
171	129
171	148
171	326
172	4
172	18
172	25
172	72
172	257
172	400
172	518
172	576
174	773
175	33
175	433
175	644
176	1
176	17
176	47
176	64
176	81
176	162
176	261
176	262
176	274
176	280
176	420
176	516
176	529
176	545
176	560
176	563
176	588
176	617
176	649
177	0
177	23
177	103
177	104
177	476
177	545
177	796
178	8
178	9
178	113
178	129
178	130
178	168
178	388
178	668
178	772
178	850
179	3
179	73
179	144
179	379
179	465
179	707
179	782
179	802
179	977
180	6
180	6
180	9
180	228
180	960
181	36
181	83
181	208
181	256
181	590
182	53
182	745
183	0
183	150
183	189
183	696
183	772
184	0
184	32
184	132
184	264
184	326
184	485
184	656
184	736
184	938
185	448
185	1008
186	3
186	8
186	49
186	80
186	378
186	384
186	551
186	981
188	51
188	81
188	536
188	544
189	265
190	512
191	148
192	1
192	18
192	33
192	46
192	72
192	97
192	134
192	169
192	192
192	266
192	268
192	288
192	289
192	292
192	310
192	320
192	321
192	328
192	419
192	482
192	489
192	512
192	514
192	532
192	547
192	560
192	567
192	600
192	608
192	640
192	652
192	832
192	833
192	936
193	4
193	18
193	34
193	39
193	64
193	81
193	82
193	101
193	112
193	118
193	257
193	281
193	288
193	292
193	366
193	401
193	453
193	514
193	536
193	556
193	565
193	592
193	622
193	716
193	789
193	820
193	833
194	0
194	8
194	12
194	40
194	54
194	135
194	146
194	152
194	168
194	176
194	257
194	298
194	440
194	464
194	526
194	551
194	773
194	774
194	792
194	805
194	974
195	35
195	417
195	577
196	9
196	23
196	52
196	140
196	239
196	256
196	268
196	278
196	384
196	648
196	654
196	806
196	807
197	0
197	2
197	16
197	66
197	99
197	136
197	196
197	208
197	524
197	782
197	936
198	52
198	320
198	565
198	751
198	941
199	9
199	33
199	366
200	14
200	16
200	44
200	64
200	137
200	148
200	148
200	232
200	292
200	321
200	544
200	740
200	777
200	780
200	838
200	930
201	8
201	144
201	276
201	362
201	401
201	532
202	16
202	20
202	20
202	64
202	123
202	420
202	512
202	576
202	616
202	656
202	680
204	135
204	192
204	264
204	301
204	307
204	400
204	488
204	565
205	32
205	82
205	106
205	137
205	224
205	268
205	528
205	753
206	144
206	373
208	17
208	20
208	22
208	28
208	60
208	160
208	224
208	258
208	272
208	307
208	370
208	406
208	454
208	544
208	698
208	820
209	8
209	13
209	84
209	160
209	353
209	533
209	635
209	642
210	0
210	0
210	1
210	32
210	66
210	162
210	290
210	321
210	448
210	526
210	544
211	137
211	268
211	286
212	68
212	129
212	217
212	448
213	0
213	0
213	8
213	66
213	288
213	529
214	456
214	581
214	650
215	836
216	8
216	12
216	15
216	37
216	204
216	259
216	374
216	766
216	768
217	13
217	130
217	328
217	400
217	453
218	4
218	65
218	452
218	640
220	40
220	256
220	304
220	333
221	8
221	452
222	282
223	302
223	708
224	0
224	14
224	20
224	65
224	127
224	258
224	260
224	278
224	320
224	392
224	552
224	664
224	738
224	784
224	909
225	0
225	2
225	32
225	256
225	380
225	534
225	592
225	869
226	6
226	8
226	133
226	137
226	192
226	256
226	321
226	392
226	533
226	588
226	778
226	930
227	192
227	257
227	337
227	338
228	24
228	24
228	32
228	36
228	92
228	192
228	232
228	456
228	737
229	24
229	105
229	594
230	0
230	21
230	290
230	325
230	529
230	544
231	498
232	64
232	86
232	93
232	299
232	314
232	345
232	384
232	520
232	782
232	901
233	10
233	48
233	69
233	90
233	258
234	3
234	10
234	70
234	336
234	352
234	738
234	801
235	141
235	142
235	839
236	7
236	150
236	352
236	408
236	475
236	634
236	675
237	294
237	656
238	145
238	608
239	596
240	76
240	104
240	200
240	256
240	260
240	316
240	416
240	609
241	37
241	264
241	566
242	9
242	260
242	279
242	768
243	96
243	129
243	397
243	578
244	36
244	106
244	128
244	192
244	260
246	212
246	294
246	312
246	417
246	509
246	514
247	368
248	17
248	289
248	532
249	144
249	257
249	320
249	353
249	513
250	193
250	932
251	36
252	552
253	272
254	328
254	464
254	908
256	0
256	1
256	2
256	3
256	11
256	13
256	21
256	22
256	23
256	24
256	24
256	28
256	32
256	49
256	64
256	64
256	78
256	80
256	80
256	81
256	83
256	104
256	129
256	130
256	136
256	140
256	144
256	198
256	200
256	200
256	256
256	260
256	262
256	272
256	277
256	277
256	288
256	321
256	321
256	345
256	373
256	384
256	387
256	408
256	456
256	462
256	498
256	512
256	512
256	513
256	532
256	536
256	556
256	560
256	583
256	641
256	643
256	644
256	648
256	653
256	659
256	664
256	671
256	801
256	832
256	832
256	836
256	844
256	855
256	860
256	921
256	960
256	960
257	0
257	0
257	6
257	16
257	18
257	18
257	38
257	53
257	64
257	72
257	81
257	86
257	93
257	132
257	210
257	258
257	260
257	266
257	276
257	296
257	339
257	374
257	386
257	405
257	513
257	514
257	533
257	557
257	560
257	582
257	584
257	609
257	643
257	825
258	0
258	2
258	5
258	9
258	16
258	17
258	23
258	34
258	35
258	42
258	66
258	86
258	130
258	133
258	134
258	139
258	140
258	183
258	224
258	257
258	262
258	320
258	320
258	322
258	336
258	350
258	416
258	451
258	492
258	518
258	519
258	532
258	551
258	617
258	640
258	656
258	780
258	801
258	936
259	4
259	29
259	34
259	37
259	40
259	48
259	100
259	112
259	130
259	168
259	238
259	304
259	320
259	392
259	488
259	503
259	516
259	556
260	1
260	2
260	6
260	8
260	9
260	10
260	26
260	42
260	52
260	65
260	71
260	120
260	136
260	140
260	145
260	154
260	256
260	257
260	270
260	293
260	352
260	356
260	441
260	448
260	450
260	522
260	524
260	530
260	549
260	696
260	768
260	776
260	778
261	28
261	88
261	108
261	144
261	169
261	272
261	321
261	352
261	552
261	592
261	658
261	738
261	769
261	784
261	814
262	1
262	12
262	22
262	32
262	134
262	134
262	272
262	273
262	276
262	290
262	320
262	345
262	345
262	522
262	530
262	769
262	780
262	792
262	816
262	898
263	44
263	44
263	147
263	149
263	197
263	401
263	518
263	618
264	10
264	13
264	13
264	16
264	19
264	20
264	20
264	21
264	23
264	44
264	81
264	81
264	132
264	146
264	162
264	277
264	304
264	309
264	340
264	341
264	356
264	370
264	370
264	456
264	522
264	524
264	547
264	567
264	578
264	644
264	708
264	746
264	780
264	808
264	809
264	832
265	2
265	4
265	17
265	23
265	80
265	87
265	128
265	128
265	260
265	280
265	290
265	384
265	516
265	576
265	580
266	4
266	4
266	40
266	57
266	116
266	133
266	173
266	192
266	192
266	258
266	268
266	272
266	288
266	336
266	387
266	416
266	467
266	515
266	528
266	640
266	686
266	775
266	796
267	6
267	89
267	130
267	320
267	322
267	515
267	632
267	736
267	851
267	905
268	1
268	2
268	4
268	21
268	25
268	33
268	37
268	75
268	130
268	137
268	147
268	160
268	265
268	332
268	512
268	532
268	548
268	582
268	774
268	776
268	972
269	2
269	9
269	28
269	33
269	113
269	171
269	203
269	264
269	776
270	8
270	9
270	17
270	56
270	64
270	109
270	134
270	288
270	368
270	520
270	577
270	768
270	858
270	916
270	931
271	146
271	456
271	498
272	0
272	0
272	12
272	26
272	32
272	35
272	64
272	69
272	74
272	80
272	97
272	104
272	174
272	175
272	196
272	240
272	264
272	264
272	280
272	293
272	298
272	326
272	356
272	424
272	448
272	465
272	528
272	573
272	636
272	644
272	652
272	657
272	770
272	788
272	819
273	11
273	11
273	16
273	16
273	49
273	96
273	129
273	129
273	165
273	196
273	197
273	273
273	291
273	342
273	378
273	385
273	537
273	548
273	555
273	609
273	642
273	702
273	832
274	16
274	64
274	164
274	170
274	185
274	259
274	266
274	273
274	273
274	386
274	534
274	540
274	545
274	899
275	10
275	56
275	65
275	76
275	288
275	503
275	516
275	545
275	641
276	9
276	44
276	80
276	113
276	264
276	292
276	296
276	337
276	605
276	678
276	741
276	920
277	0
277	27
277	138
277	259
277	296
277	384
277	771
278	55
278	73
278	97
278	256
278	454
278	522
278	595
278	808
279	0
279	6
279	512
279	578
279	1020
280	1
280	20
280	32
280	46
280	128
280	157
280	176
280	178
280	192
280	195
280	256
280	288
280	290
280	306
280	467
280	529
280	652
280	714
280	783
280	820
280	867
281	51
281	65
281	92
281	104
281	136
281	148
281	212
281	514
281	524
281	737
281	915
282	163
282	168
282	198
282	908
283	52
283	74
283	74
283	260
283	273
284	136
284	179
284	256
284	275
284	321
284	1014
285	54
285	66
285	617
285	838
286	4
286	40
286	85
286	270
287	357
287	850
288	3
288	3
288	13
288	16
288	21
288	30
288	39
288	65
288	65
288	80
288	81
288	82
288	97
288	132
288	192
288	264
288	286
288	288
288	312
288	434
288	454
288	516
288	524
288	530
288	544
288	577
288	580
288	582
288	632
288	644
288	656
288	660
288	802
288	826
288	833
289	3
289	12
289	16
289	33
289	37
289	37
289	66
289	66
289	67
289	89
289	161
289	259
289	394
289	417
289	540
289	569
289	584
289	822
289	976
290	1
290	8
290	43
290	70
290	96
290	132
290	133
290	161
290	200
290	262
290	272
290	272
290	329
290	353
290	364
290	552
290	577
290	621
290	640
290	680
290	800
290	848
291	2
291	5
291	17
291	198
291	512
291	580
291	645
291	648
291	650
291	677
292	4
292	25
292	44
292	50
292	65
292	65
292	88
292	114
292	115
292	130
292	168
292	257
292	260
292	260
292	261
292	292
292	370
292	402
292	548
292	551
292	581
292	589
292	640
292	686
293	12
293	42
293	56
293	276
293	450
293	454
293	480
293	520
293	532
293	546
293	688
294	4
294	20
294	65
294	102
294	181
294	536
294	976
295	66
295	661
295	789
296	0
296	1
296	14
296	18
296	36
296	64
296	72
296	97
296	265
296	289
296	315
296	573
296	641
296	678
296	770
296	771
296	844
296	898
297	9
297	17
297	25
297	32
297	40
297	66
297	98
297	128
297	291
297	402
297	513
297	657
297	772
298	3
298	51
298	64
298	85
298	264
298	403
298	512
299	32
299	562
299	672
299	772
299	784
300	0
300	16
300	149
300	258
300	311
300	516
300	525
300	641
300	703
300	708
300	1008
302	120
302	258
302	512
303	0
303	96
303	105
304	0
304	16
304	17
304	25
304	42
304	72
304	80
304	110
304	165
304	179
304	241
304	262
304	514
304	517
304	550
304	640
304	772
305	33
305	57
305	136
305	139
305	274
305	320
305	492
305	696
305	804
306	18
306	130
306	197
306	272
306	770
307	76
307	78
307	478
307	793
308	2
308	12
308	66
308	68
308	185
308	256
308	552
308	612
308	712
308	736
308	802
309	67
309	83
309	97
309	144
309	266
309	296
309	340
310	53
310	224
310	582
311	142
312	19
312	36
312	130
313	433
313	516
314	327
314	585
314	900
315	5
315	177
315	241
316	8
316	40
316	72
316	193
317	42
317	521
317	608
318	85
318	131
318	800
318	934
319	516
320	2
320	21
320	32
320	36
320	42
320	51
320	53
320	66
320	76
320	80
320	82
320	99
320	129
320	137
320	143
320	160
320	224
320	264
320	274
320	288
320	289
320	315
320	324
320	326
320	344
320	368
320	387
320	388
320	512
320	516
320	516
320	527
320	528
320	536
320	541
320	552
320	561
320	584
320	596
320	693
320	722
320	724
320	736
320	752
320	771
320	984
321	1
321	4
321	6
321	49
321	56
321	68
321	102
321	107
321	131
321	154
321	169
321	273
321	325
321	384
321	390
321	402
321	474
321	675
321	786
321	973
321	993
322	1
322	5
322	16
322	30
322	32
322	32
322	44
322	90
322	98
322	129
322	162
322	246
322	257
322	273
322	274
322	476
322	640
322	725
322	961
323	0
323	66
323	92
323	140
323	197
323	262
323	529
323	599
323	854
323	915
324	36
324	49
324	64
324	68
324	69
324	148
324	162
324	784
324	998
325	124
325	256
325	292
325	326
325	593
325	652
325	689
325	792
325	819
326	0
326	48
326	113
326	183
326	456
326	463
326	722
326	752
326	979
327	64
327	129
327	240
327	328
327	650
327	834
328	0
328	6
328	19
328	48
328	98
328	129
328	138
328	170
328	177
328	202
328	280
328	302
328	368
328	552
328	576
328	784
328	836
328	936
329	22
329	72
329	128
329	128
329	130
329	141
329	174
329	282
329	290
329	340
329	527
330	4
330	128
330	264
330	385
330	512
330	627
330	672
330	690
330	721
331	48
331	268
331	836
332	19
332	40
332	55
332	58
332	259
332	283
332	770
332	815
333	368
333	400
333	711
334	360
334	397
334	535
334	609
334	681
334	904
335	50
335	512
335	896
336	20
336	154
336	196
336	289
336	385
336	392
336	512
336	607
336	708
336	792
336	832
336	833
336	837
336	896
336	928
337	30
337	85
337	100
337	280
337	385
337	396
337	516
337	546
337	562
337	617
337	662
338	1
338	4
338	88
338	117
338	257
338	400
338	416
339	26
339	90
339	260
339	396
339	672
339	832
339	992
340	17
340	92
340	163
340	168
340	272
340	384
340	544
340	717
341	96
341	576
342	17
342	32
342	514
342	562
342	689
343	16
343	141
343	802
344	202
344	274
344	340
344	348
344	518
344	600
344	656
344	657
344	769
344	792
345	164
345	257
345	612
346	24
346	266
346	348
346	434
346	528
346	528
346	640
347	1
347	578
347	704
348	84
348	144
348	352
348	465
348	512
349	0
349	3
349	66
349	836
350	36
350	513
351	912
351	933
352	4
352	13
352	99
352	288
352	487
352	546
352	582
352	596
352	663
352	875
353	34
353	96
353	135
353	144
353	162
353	240
353	272
353	512
353	522
353	632
353	774
354	60
354	107
354	387
354	556
354	698
354	720
355	519
355	523
355	837
356	0
356	2
356	148
356	224
356	256
356	268
356	304
356	385
356	389
356	521
356	677
357	362
358	35
358	65
358	83
358	304
358	456
358	834
359	782
360	4
360	134
360	157
360	532
360	634
360	733
360	817
361	216
361	244
361	268
361	781
362	9
362	267
362	354
362	369
362	706
363	16
363	720
363	901
364	202
364	512
365	69
365	128
365	520
366	202
366	401
367	5
367	160
367	258
368	0
368	0
368	32
368	66
368	138
368	233
368	273
368	389
368	592
368	770
369	70
369	258
369	808
369	850
370	316
370	352
370	404
370	979
371	548
372	89
372	244
372	388
372	644
373	297
374	1
374	9
374	32
375	156
376	189
376	304
376	402
376	403
376	449
376	582
376	808
377	225
378	0
378	161
378	512
378	694
380	560
380	868
381	896
382	353
383	264
384	1
384	2
384	8
384	9
384	12
384	17
384	18
384	36
384	106
384	137
384	160
384	210
384	212
384	256
384	259
384	275
384	356
384	387
384	404
384	410
384	445
384	476
384	528
384	542
384	595
384	596
384	656
384	656
384	686
384	699
384	930
385	2
385	12
385	20
385	64
385	257
385	276
385	280
385	550
385	581
385	669
385	736
385	784
385	786
386	38
386	136
386	162
386	282
386	334
386	385
386	616
386	626
386	706
386	776
387	0
387	74
387	227
387	241
387	465
387	473
387	582
387	649
387	964
388	0
388	16
388	24
388	61
388	101
388	170
388	193
388	200
388	200
388	379
388	448
388	482
388	520
389	4
389	50
389	224
389	328
389	552
389	582
389	897
390	5
390	45
390	57
390	152
390	192
390	321
390	570
390	588
390	620
390	623
391	13
391	136
391	672
391	738
391	803
392	2
392	3
392	67
392	70
392	140
392	141
392	152
392	171
392	174
392	203
392	206
392	289
392	312
392	453
392	454
392	522
392	640
392	641
392	677
392	905
393	201
393	520
393	880
394	28
394	36
394	284
394	315
394	320
394	384
394	550
394	565
394	608
394	680
394	704
394	772
394	944
395	5
395	9
395	26
395	65
395	406
395	513
395	526
395	976
396	0
396	130
396	233
396	260
396	262
396	288
396	452
396	768
397	40
397	49
397	261
397	564
397	624
397	928
398	0
398	5
398	10
398	141
398	293
398	640
399	32
399	32
399	64
399	373
399	576
399	752
400	4
400	8
400	53
400	67
400	132
400	132
400	165
400	192
400	208
400	292
400	320
400	354
400	386
400	473
400	538
400	540
400	625
400	768
400	807
400	884
400	991
401	0
401	2
401	128
401	130
401	322
401	528
401	544
401	544
401	569
401	712
401	811
402	134
402	496
402	512
402	549
403	194
403	202
403	292
403	514
404	68
404	97
404	416
404	868
405	14
405	42
405	48
405	128
405	154
405	394
405	656
406	18
406	76
406	512
406	721
406	772
406	784
407	8
407	658
408	20
408	64
408	75
408	273
408	274
408	322
408	374
408	569
408	651
408	780
409	518
409	668
409	768
410	1
410	136
410	144
410	177
410	260
410	584
411	26
411	73
411	118
411	548
411	674
412	14
412	272
412	292
412	309
412	384
412	534
412	614
413	577
414	35
414	384
414	772
415	387
416	4
416	5
416	5
416	8
416	16
416	51
416	258
416	295
416	401
416	544
416	544
416	641
416	778
416	920
417	32
417	86
417	99
417	125
417	276
417	322
417	528
417	676
417	897
418	4
418	6
418	16
418	135
418	153
418	561
418	645
418	704
419	40
419	160
419	261
419	291
419	410
419	448
419	600
420	0
420	5
420	8
420	9
420	96
420	148
420	233
420	270
420	275
420	384
420	465
420	518
420	580
421	10
421	32
421	105
422	2
422	188
422	524
422	632
423	38
424	11
424	72
424	112
424	149
424	208
424	274
424	328
424	419
424	516
424	939
425	450
425	652
426	261
426	529
427	138
427	964
428	0
428	34
428	178
428	200
428	560
428	609
428	768
429	24
429	34
429	98
430	130
430	544
431	76
432	2
432	2
432	34
432	149
432	162
432	277
432	437
432	677
432	818
433	65
433	66
433	390
433	581
433	612
434	66
434	512
435	61
435	514
436	0
436	10
436	41
436	66
436	576
436	643
436	780
437	30
438	0
438	516
440	86
440	444
440	912
441	18
441	34
441	697
443	91
443	297
444	801
446	240
447	288
447	296
447	550
448	8
448	20
448	24
448	129
448	132
448	145
448	154
448	165
448	284
448	288
448	384
448	525
448	551
448	577
448	616
448	642
448	645
448	808
449	0
449	91
449	420
449	514
449	582
449	610
449	644
449	750
449	808
450	96
450	154
450	166
450	289
450	593
450	676
450	772
451	97
451	369
451	584
452	4
452	6
452	32
452	146
452	305
452	704
452	710
452	800
453	112
453	128
453	138
453	261
453	801
454	10
454	25
454	32
454	74
454	585
454	668
455	65
455	996
456	130
456	237
456	263
456	384
456	384
456	398
456	542
456	660
456	812
456	909
456	937
457	305
457	384
457	652
458	210
458	676
458	814
459	166
459	178
460	184
460	297
460	376
460	673
460	760
462	39
462	146
462	376
464	41
464	66
464	74
464	102
464	386
465	20
465	27
466	280
466	703
466	817
467	641
468	29
468	147
468	548
469	928
470	653
472	45
472	108
472	512
472	582
472	788
474	104
475	32
475	149
475	544
476	105
476	188
476	290
477	29
477	658
479	48
479	160
480	1
480	4
480	17
480	32
480	208
480	256
480	640
480	875
481	4
481	40
481	76
481	310
482	36
482	171
482	228
482	273
482	497
482	706
483	0
483	72
483	148
483	494
483	690
484	0
484	125
484	160
484	386
484	795
485	10
486	8
487	659
488	272
488	448
488	841
488	976
489	32
489	553
490	117
490	808
490	916
491	675
492	616
492	674
492	849
493	72
494	822
496	211
496	295
496	366
496	396
496	642
496	838
496	1003
496	1012
497	0
498	322
498	526
499	192
500	192
500	388
500	705
501	560
502	266
503	260
504	109
504	128
504	534
505	160
508	16
508	16
509	928
512	1
512	2
512	3
512	4
512	6
512	9
512	10
512	12
512	16
512	25
512	36
512	39
512	40
512	75
512	80
512	128
512	129
512	140
512	160
512	164
512	169
512	184
512	202
512	211
512	213
512	256
512	257
512	257
512	259
512	265
512	268
512	275
512	302
512	319
512	356
512	356
512	388
512	392
512	395
512	422
512	425
512	465
512	465
512	490
512	515
512	517
512	525
512	533
512	548
512	552
512	558
512	560
512	580
512	582
512	584
512	592
512	601
512	614
512	648
512	652
512	659
512	680
512	704
512	760
512	770
512	778
512	789
512	792
512	878
512	940
512	980
512	982
513	8
513	17
513	24
513	33
513	41
513	54
513	64
513	70
513	107
513	139
513	144
513	162
513	176
513	224
513	244
513	258
513	266
513	270
513	321
513	389
513	393
513	492
513	525
513	526
513	529
513	531
513	545
513	558
513	560
513	564
513	564
513	564
513	578
513	580
513	650
513	657
513	665
513	777
513	845
513	853
513	1000
514	1
514	2
514	8
514	8
514	34
514	37
514	41
514	42
514	48
514	65
514	70
514	87
514	112
514	117
514	129
514	137
514	168
514	261
514	280
514	288
514	293
514	296
514	304
514	484
514	514
514	522
514	544
514	626
514	686
514	740
514	779
514	780
514	785
514	792
514	805
514	936
514	953
515	6
515	41
515	96
515	96
515	96
515	139
515	178
515	196
515	238
515	299
515	323
515	552
515	609
515	673
515	778
515	901
516	0
516	6
516	6
516	16
516	39
516	56
516	75
516	76
516	109
516	112
516	128
516	131
516	138
516	256
516	264
516	308
516	320
516	321
516	329
516	352
516	408
516	424
516	436
516	514
516	644
516	654
516	704
516	717
516	768
516	768
516	779
516	803
516	819
516	849
517	4
517	5
517	16
517	64
517	74
517	81
517	90
517	110
517	160
517	224
517	288
517	294
517	448
517	460
517	516
517	528
517	568
517	585
517	834
517	947
518	1
518	8
518	13
518	128
518	128
518	132
518	137
518	160
518	163
518	205
518	262
518	272
518	274
518	320
518	378
518	451
518	531
518	560
518	626
518	713
518	808
518	822
518	899
519	34
519	65
519	264
519	416
519	476
519	512
519	545
519	660
519	770
520	0
520	24
520	40
520	73
520	76
520	112
520	128
520	182
520	192
520	246
520	265
520	329
520	382
520	427
520	480
520	512
520	529
520	546
520	549
520	558
520	577
520	580
520	642
520	664
520	778
520	789
520	800
520	849
520	929
521	3
521	32
521	32
521	34
521	40
521	95
521	120
521	192
521	214
521	320
521	369
521	517
521	650
521	775
521	912
522	1
522	1
522	11
522	34
522	39
522	70
522	97
522	176
522	262
522	264
522	280
522	289
522	306
522	521
522	560
522	640
522	731
522	850
523	467
523	516
523	594
524	5
524	7
524	54
524	64
524	67
524	80
524	80
524	99
524	268
524	276
524	298
524	370
524	388
524	418
524	534
524	613
524	782
524	812
524	828
524	842
524	854
524	904
525	12
525	26
525	34
525	64
525	90
525	97
525	154
525	514
525	530
525	746
526	1
526	81
526	128
526	300
526	576
527	36
527	57
527	172
527	528
527	650
527	740
527	995
528	0
528	0
528	0
528	8
528	12
528	24
528	32
528	39
528	42
528	80
528	82
528	132
528	133
528	135
528	136
528	144
528	168
528	185
528	186
528	199
528	232
528	256
528	261
528	304
528	328
528	332
528	337
528	340
528	529
528	556
528	576
528	600
528	626
528	628
528	643
528	720
528	790
528	1008
529	5
529	5
529	13
529	16
529	40
529	40
529	82
529	89
529	99
529	162
529	233
529	292
529	401
529	520
529	606
529	683
529	693
529	720
529	780
529	783
529	881
529	932
530	14
530	17
530	36
530	76
530	96
530	146
530	147
530	178
530	258
530	265
530	294
530	384
530	401
530	529
530	548
530	593
530	750
530	833
530	897
531	16
531	79
531	98
531	244
531	298
531	554
531	626
532	2
532	4
532	4
532	26
532	40
532	51
532	64
532	65
532	96
532	113
532	128
532	155
532	160
532	173
532	234
532	536
532	542
532	584
532	640
532	653
532	737
532	768
533	8
533	8
533	22
533	66
533	70
533	73
533	76
533	260
533	263
533	273
533	304
533	326
533	404
533	483
533	521
533	532
533	648
533	831
533	833
533	930
533	935
534	396
534	406
534	418
534	584
534	591
534	832
535	32
535	98
535	149
535	302
536	4
536	21
536	41
536	129
536	132
536	136
536	288
536	330
536	384
536	480
536	577
536	713
536	802
537	1
537	18
537	180
537	276
537	322
537	345
537	396
537	512
537	514
537	547
537	919
538	36
538	65
538	85
538	193
538	500
538	786
539	16
539	66
540	24
540	257
540	264
540	270
540	304
540	407
540	468
540	833
541	915
541	957
542	674
542	772
543	130
543	192
544	12
544	33
544	34
544	42
544	64
544	72
544	134
544	177
544	201
544	224
544	256
544	256
544	273
544	305
544	309
544	400
544	401
544	529
544	538
544	543
544	576
544	657
544	672
544	672
544	689
544	697
544	736
544	786
544	820
544	850
544	870
544	912
544	914
544	944
545	6
545	20
545	38
545	50
545	68
545	81
545	337
545	384
545	406
545	512
545	520
545	532
545	544
545	601
545	676
545	770
546	6
546	33
546	48
546	78
546	99
546	128
546	131
546	132
546	140
546	324
546	386
546	390
546	400
546	544
546	555
546	657
546	776
547	0
547	24
547	64
547	72
547	148
547	241
547	406
548	40
548	74
548	82
548	96
548	96
548	112
548	200
548	328
548	486
548	549
548	790
548	825
548	842
548	928
549	38
549	432
549	538
550	1
550	8
550	32
550	94
550	218
550	256
550	256
550	330
550	521
550	547
550	584
551	117
551	177
551	775
552	2
552	8
552	37
552	56
552	58
552	72
552	107
552	136
552	178
552	256
552	257
552	288
552	289
552	289
552	292
552	310
552	545
552	613
552	615
552	674
552	769
553	17
553	20
553	70
553	129
553	145
553	258
553	401
553	560
553	582
553	592
553	646
553	781
554	5
554	43
554	106
554	142
554	176
554	356
554	513
554	661
554	708
554	770
554	1016
555	5
555	160
555	225
555	978
556	20
556	36
556	138
556	212
556	584
557	21
557	680
557	903
558	34
558	266
558	320
558	448
558	484
560	0
560	1
560	10
560	11
560	37
560	64
560	78
560	200
560	260
560	289
560	298
560	333
560	336
560	347
560	355
560	399
560	402
560	498
560	522
560	581
560	700
560	801
561	52
561	68
561	80
561	112
561	256
561	288
561	512
561	529
561	589
562	0
562	12
562	68
562	128
562	136
562	322
562	832
562	858
563	7
563	8
563	106
563	592
563	667
563	936
564	42
564	417
564	537
565	280
566	1
566	16
566	519
566	848
567	35
567	256
568	0
568	6
568	17
568	177
568	260
568	516
569	64
569	207
569	268
569	480
569	516
569	532
569	588
569	794
570	68
570	132
570	291
570	562
570	565
570	669
572	54
572	224
572	899
573	0
573	546
574	386
574	865
574	908
575	336
576	4
576	8
576	11
576	24
576	24
576	66
576	70
576	80
576	80
576	98
576	100
576	118
576	144
576	149
576	164
576	216
576	241
576	256
576	264
576	274
576	280
576	321
576	384
576	407
576	416
576	450
576	514
576	536
576	545
576	568
576	582
576	676
576	688
576	832
576	836
576	936
577	32
577	35
577	38
577	79
577	98
577	152
577	257
577	258
577	264
577	483
577	513
577	514
577	521
577	524
578	18
578	32
578	72
578	80
578	81
578	154
578	160
578	168
578	201
578	256
578	260
578	512
578	517
578	608
578	634
578	776
578	824
578	907
578	928
579	4
579	18
579	24
579	64
579	68
579	76
579	132
579	257
579	291
579	306
579	480
579	529
579	546
579	674
579	768
580	22
580	32
580	130
580	138
580	256
580	265
580	292
580	418
580	516
580	517
580	678
580	702
580	747
581	8
581	98
581	132
581	258
581	260
581	418
581	588
581	640
581	672
582	41
582	130
582	328
582	353
582	421
582	464
582	544
582	840
583	16
583	299
583	536
583	538
584	8
584	16
584	16
584	34
584	37
584	66
584	84
584	108
584	135
584	176
584	216
584	288
584	310
584	388
584	514
584	526
584	528
584	531
584	544
584	560
584	578
584	580
584	648
584	802
585	80
585	326
585	768
586	100
586	267
586	400
586	430
586	522
586	624
586	662
586	682
587	68
587	816
588	8
588	50
588	131
588	152
588	193
588	229
588	282
588	389
588	712
589	261
589	516
590	843
590	909
591	18
591	61
591	74
592	2
592	54
592	72
592	113
592	172
592	258
592	258
592	304
592	431
592	547
592	577
592	682
592	776
592	822
592	832
592	897
593	128
593	313
593	336
593	512
593	789
594	0
594	139
594	180
594	288
594	490
594	834
595	131
595	132
595	589
595	666
596	56
596	129
596	256
596	352
596	433
596	535
596	597
596	673
596	771
596	904
597	13
597	19
597	770
598	97
598	161
598	209
598	782
598	981
599	136
599	153
599	512
599	534
599	690
600	0
600	36
600	78
600	136
600	160
600	169
600	306
600	519
600	676
600	704
600	734
600	812
601	128
601	149
601	278
602	3
602	5
602	42
602	256
602	961
603	9
604	149
604	270
605	64
605	515
605	657
606	40
606	679
608	6
608	9
608	33
608	49
608	81
608	475
608	777
608	952
609	1
609	8
609	16
609	60
609	68
609	120
609	128
609	259
609	384
609	433
609	796
610	3
610	16
610	19
610	32
610	48
610	65
610	103
610	144
610	264
610	372
610	510
610	585
611	32
611	152
611	912
612	3
612	80
612	490
612	545
612	550
612	641
612	789
612	912
613	2
613	322
613	387
614	440
614	681
614	787
614	896
615	0
615	14
616	3
616	160
616	168
617	49
617	128
617	268
617	713
618	38
618	240
618	804
619	122
619	364
619	576
620	147
620	259
620	416
620	624
620	800
621	342
621	659
621	736
622	64
622	182
623	456
624	20
624	43
624	90
624	192
624	212
624	231
624	312
624	385
624	528
624	592
624	1000
625	16
625	260
625	271
625	779
626	24
626	65
626	883
627	201
628	0
628	65
628	68
628	990
629	0
629	38
630	281
631	386
632	6
632	41
632	48
632	788
632	984
633	570
634	142
634	384
636	86
636	240
636	288
637	0
640	8
640	9
640	15
640	17
640	20
640	35
640	38
640	62
640	84
640	101
640	128
640	130
640	168
640	194
640	257
640	272
640	292
640	358
640	400
640	454
640	513
640	514
640	526
640	527
640	582
640	648
640	689
640	718
640	787
640	788
640	803
640	816
640	849
640	851
640	866
640	898
640	953
641	7
641	12
641	65
641	69
641	80
641	82
641	222
641	256
641	266
641	331
641	392
641	475
641	520
641	525
641	544
641	642
641	768
641	769
641	784
641	813
641	1011
642	6
642	24
642	32
642	44
642	89
642	116
642	131
642	164
642	216
642	265
642	325
642	337
642	395
642	412
642	514
642	602
642	706
642	785
642	860
642	896
643	35
643	42
643	273
643	560
643	560
643	574
643	711
643	915
644	2
644	16
644	19
644	39
644	161
644	171
644	207
644	258
644	267
644	384
644	385
644	392
644	398
644	419
644	474
644	550
644	640
644	689
644	694
644	772
644	786
645	0
645	10
645	22
645	41
645	65
645	66
645	168
645	433
645	512
645	811
645	976
646	3
646	18
646	48
646	60
646	76
646	113
646	272
646	656
646	657
646	971
647	16
647	107
647	142
647	163
647	673
647	865
647	896
648	8
648	26
648	37
648	63
648	66
648	81
648	132
648	160
648	336
648	408
648	514
648	515
648	549
648	551
648	651
648	674
648	690
648	699
648	786
649	83
649	136
649	200
649	210
649	365
649	394
649	402
649	515
649	515
649	912
650	16
650	33
650	69
650	155
650	160
650	218
650	224
650	280
650	353
650	360
650	598
650	652
650	689
651	20
651	36
651	617
652	12
652	64
652	120
652	132
652	133
652	478
652	549
652	563
652	736
652	947
653	4
653	68
653	154
653	194
653	272
653	297
653	464
653	513
653	515
653	521
653	692
653	707
653	779
654	13
654	73
654	561
654	769
655	49
655	97
656	29
656	68
656	74
656	104
656	134
656	136
656	144
656	152
656	165
656	269
656	270
656	291
656	454
656	520
656	540
656	544
656	648
656	681
656	840
657	84
657	265
657	586
657	652
657	713
657	806
658	56
658	72
658	112
658	256
658	267
658	270
658	386
658	448
658	512
658	712
658	917
659	145
659	168
659	586
659	685
659	712
660	20
660	36
660	52
660	100
660	130
660	293
660	542
660	640
660	658
660	678
660	737
660	801
661	100
661	112
661	353
661	736
662	40
662	144
662	148
664	165
665	0
665	72
665	544
665	642
666	0
666	72
666	256
666	368
666	547
666	918
667	66
667	133
667	796
668	530
669	74
669	819
670	580
671	17
671	346
672	41
672	65
672	67
672	74
672	79
672	101
672	132
672	207
672	217
672	224
672	294
672	308
672	384
672	384
672	528
672	536
672	586
672	772
672	776
673	10
673	13
673	16
673	33
673	35
673	130
673	133
673	176
673	208
673	265
673	530
674	0
674	44
674	52
674	108
674	212
674	258
674	266
674	296
674	372
674	513
674	552
674	576
675	8
675	56
675	65
675	121
675	776
676	0
676	65
676	68
676	132
676	208
676	394
676	456
676	778
676	788
676	793
677	90
677	202
677	314
678	22
678	129
678	194
678	256
678	361
679	96
679	204
680	45
680	63
680	257
680	274
680	402
680	580
680	719
680	954
681	322
681	528
682	258
682	773
684	12
684	28
684	530
685	793
687	0
687	416
687	659
687	780
687	966
688	8
688	49
688	192
688	241
688	546
688	587
688	600
689	0
689	2
689	128
689	282
689	784
690	48
690	160
690	782
691	120
691	947
692	136
692	800
693	65
693	71
694	218
694	358
694	642
694	645
694	810
696	36
696	135
696	136
696	169
697	134
698	930
699	655
700	267
701	642
704	0
704	0
704	1
704	1
704	4
704	70
704	75
704	102
704	131
704	224
704	232
704	268
704	357
704	512
704	521
704	585
704	618
704	641
704	642
704	681
704	776
704	784
704	946
705	91
705	394
705	408
705	661
705	672
705	705
705	770
705	786
705	898
706	4
706	17
706	161
706	163
706	216
706	264
706	282
706	628
706	755
707	813
707	910
708	10
708	322
708	416
708	584
708	612
708	674
708	768
708	842
709	0
709	897
710	25
710	79
710	221
710	258
711	258
711	262
711	276
712	28
712	34
712	260
712	530
712	936
713	0
713	131
713	252
713	528
713	880
714	13
714	32
714	67
714	82
714	135
714	202
714	455
714	840
715	256
715	576
715	656
715	777
716	322
716	424
716	712
717	83
718	804
719	96
719	320
720	1
720	14
720	44
720	60
720	76
720	226
720	262
720	325
720	528
720	737
721	512
721	672
722	73
722	149
722	450
722	539
722	585
723	2
724	68
724	70
724	410
724	657
724	886
725	194
726	148
726	271
726	828
726	881
727	24
727	400
727	898
728	0
728	42
728	394
728	548
728	643
728	944
729	72
729	274
729	619
730	25
732	2
732	18
732	65
733	422
734	27
736	1
736	144
736	177
736	232
736	336
736	341
736	583
736	649
736	943
737	42
737	276
737	338
737	849
737	972
738	36
738	73
738	136
738	141
738	256
738	683
738	833
740	8
740	138
740	192
740	688
742	21
742	257
742	361
742	659
742	795
742	907
742	957
743	515
744	197
744	646
744	859
745	709
746	278
746	768
747	328
748	19
748	65
748	86
749	3
749	389
752	28
754	12
757	148
758	555
759	8
760	162
760	265
760	332
760	336
762	652
765	322
766	863
768	4
768	7
768	38
768	50
768	53
768	64
768	98
768	112
768	129
768	154
768	186
768	200
768	228
768	260
768	264
768	264
768	280
768	310
768	342
768	353
768	356
768	531
768	560
768	579
768	582
768	586
768	649
768	711
768	755
768	777
768	802
768	848
768	916
768	945
769	1
769	5
769	14
769	85
769	113
769	171
769	288
769	332
769	439
769	462
769	524
769	564
769	581
769	773
769	842
770	3
770	12
770	194
770	276
770	288
770	294
770	386
770	395
770	512
770	512
770	540
770	551
770	676
770	688
770	1001
771	12
771	153
771	193
771	258
771	337
771	365
771	530
771	626
771	645
771	934
772	0
772	11
772	14
772	49
772	57
772	80
772	83
772	198
772	262
772	288
772	312
772	320
772	328
772	330
772	336
772	416
772	524
772	534
772	554
772	580
772	588
772	664
772	752
772	800
772	994
773	10
773	16
773	18
773	34
773	145
773	201
773	259
773	275
773	336
773	446
773	608
773	632
773	640
774	132
774	140
774	186
774	194
774	245
774	513
774	592
774	644
774	673
774	987
775	296
775	297
775	624
775	770
775	778
776	4
776	8
776	17
776	20
776	59
776	101
776	136
776	147
776	175
776	192
776	209
776	290
776	310
776	332
776	334
776	380
776	384
776	443
776	465
776	513
776	548
776	560
776	641
776	646
776	650
776	664
777	416
777	544
777	669
778	40
778	210
778	240
778	262
778	534
778	538
778	772
778	816
779	238
779	449
779	722
779	768
779	770
779	784
779	833
780	4
780	38
780	64
780	321
780	367
780	400
780	412
780	486
780	540
780	768
780	836
781	4
781	192
781	546
782	264
782	533
782	584
782	707
782	832
784	10
784	28
784	36
784	89
784	93
784	97
784	98
784	130
784	176
784	257
784	260
784	332
784	448
784	513
784	516
784	529
784	562
784	712
784	770
784	786
785	47
785	68
785	84
785	90
785	162
785	356
785	513
785	576
785	904
786	3
786	4
786	130
786	552
786	769
786	992
787	16
787	524
787	589
788	17
788	27
788	70
788	72
788	136
788	434
789	266
789	284
789	403
789	553
790	357
791	85
791	148
792	0
792	160
792	219
792	258
792	264
792	480
792	606
792	679
792	838
792	864
792	992
793	130
793	160
793	264
793	550
793	577
794	211
794	348
794	584
794	901
795	130
795	769
796	140
796	224
796	398
796	834
798	44
798	552
798	773
799	4
799	366
799	744
799	804
800	42
800	64
800	203
800	382
800	387
800	393
800	398
800	400
800	520
800	522
800	543
800	544
800	579
800	686
800	720
800	800
800	876
800	977
800	989
801	222
801	340
801	638
801	677
801	928
801	961
802	49
802	74
802	75
802	131
802	142
802	197
802	200
802	264
802	576
802	646
802	778
802	803
802	901
803	33
803	306
803	640
803	664
803	899
804	81
804	93
804	124
804	148
804	266
804	288
804	544
804	654
804	881
805	128
805	182
805	336
805	549
806	14
806	42
806	257
806	396
806	512
806	572
806	645
807	393
808	12
808	84
808	228
808	289
808	400
808	514
808	832
808	858
808	872
809	130
809	256
809	512
809	704
809	772
810	32
810	392
810	544
810	580
811	24
811	601
811	693
812	36
812	80
812	257
812	281
812	515
813	904
814	400
815	812
816	128
816	212
816	261
816	288
816	304
816	448
816	529
817	3
817	32
817	74
817	88
817	261
818	136
818	512
818	524
818	652
818	705
818	792
819	10
819	50
819	101
819	296
819	360
820	3
820	3
820	129
820	560
820	792
820	897
821	128
821	146
821	147
822	130
822	484
822	988
824	6
824	65
824	100
824	290
824	385
824	432
824	769
825	4
825	8
825	105
825	340
825	524
825	770
825	818
826	6
826	97
826	205
826	275
826	792
827	20
827	832
828	144
829	403
830	4
830	35
832	0
832	1
832	3
832	7
832	17
832	132
832	145
832	196
832	258
832	321
832	546
832	576
832	608
832	769
832	899
833	112
833	195
833	201
833	258
833	272
833	298
833	653
834	7
834	24
834	27
834	34
834	42
834	44
834	75
834	131
834	166
834	193
834	265
834	274
834	458
834	487
834	529
834	773
834	937
835	16
835	44
835	515
835	546
836	8
836	76
836	133
836	144
836	162
836	162
836	258
836	584
836	637
837	73
837	193
837	261
837	512
837	520
837	560
837	672
838	16
838	200
838	360
838	384
838	512
838	513
839	5
840	11
840	17
840	123
840	152
840	292
840	294
840	312
840	545
840	556
840	673
840	736
840	897
841	0
841	65
841	256
841	309
842	512
843	64
844	16
844	20
844	320
844	768
846	259
847	402
847	789
848	9
848	12
848	66
848	107
848	128
848	336
848	352
848	430
848	577
848	752
848	928
850	0
850	593
850	704
850	790
851	144
851	265
852	1
852	101
852	177
852	338
852	680
853	635
854	96
854	129
854	144
854	216
854	251
854	291
854	320
854	519
855	269
855	512
855	618
856	53
856	64
856	98
856	202
856	705
856	960
857	15
857	65
858	132
858	634
859	449
860	67
860	112
860	295
860	769
861	2
861	616
863	294
864	2
864	104
864	716
865	40
865	430
865	792
866	233
866	643
867	134
867	299
867	348
867	398
867	512
867	612
867	674
868	65
868	176
868	532
869	260
869	570
870	57
870	168
870	520
870	557
870	704
870	779
870	917
872	0
872	29
872	352
872	528
872	528
872	833
873	144
873	260
874	136
874	521
876	21
877	80
877	158
877	240
878	0
878	937
879	685
879	921
880	48
880	131
880	550
881	597
883	256
884	76
885	2
887	540
888	16
888	22
888	272
889	668
889	908
891	848
892	416
893	64
894	280
896	5
896	5
896	8
896	12
896	48
896	82
896	272
896	353
896	514
896	556
896	586
896	672
896	800
897	20
897	54
897	58
897	130
897	273
897	284
897	514
897	586
897	816
898	49
898	152
898	192
898	325
898	338
898	393
898	516
898	595
898	660
898	903
899	9
899	25
899	362
899	531
899	552
900	6
900	14
900	20
900	133
900	580
900	784
900	832
901	137
901	224
901	388
901	477
902	80
902	483
902	548
902	560
902	560
903	16
903	34
903	372
903	380
903	528
903	544
903	548
904	0
904	17
904	276
904	305
904	384
904	523
904	640
904	676
904	737
904	832
905	1
905	14
905	33
905	37
905	175
905	292
905	736
905	774
906	82
906	300
907	34
908	332
908	337
908	790
908	893
909	209
909	384
909	395
909	424
909	725
909	808
910	256
910	257
910	299
910	672
910	716
910	896
912	10
912	64
912	122
912	132
912	324
912	404
912	512
913	5
913	129
913	313
913	539
914	2
914	77
914	130
914	168
914	232
915	114
916	0
916	6
916	53
916	326
916	514
916	976
917	4
917	44
917	559
918	256
918	339
918	601
920	10
920	90
920	145
920	212
920	409
920	772
920	948
921	194
921	532
922	293
922	454
922	768
923	256
924	0
924	181
924	192
924	260
924	424
924	515
925	9
925	73
925	404
926	528
927	769
928	140
928	146
928	161
928	263
928	279
928	638
928	704
928	908
929	8
930	4
930	96
930	160
930	270
930	359
930	641
931	99
932	40
932	151
932	259
932	351
932	354
933	801
935	48
936	208
936	224
936	561
937	33
937	394
937	768
938	195
938	204
938	790
939	264
939	553
940	50
940	68
940	354
941	8
941	265
942	368
943	101
944	14
944	18
944	33
944	140
944	166
944	418
944	611
945	225
948	76
949	137
949	592
950	10
951	722
952	4
952	570
954	663
956	7
958	781
960	0
960	114
960	125
960	152
960	512
960	817
960	832
960	834
961	322
961	420
961	552
961	981
962	60
962	406
962	542
962	922
963	706
964	92
964	344
964	708
964	784
965	158
965	200
966	689
966	936
968	4
968	20
968	96
968	577
969	90
969	432
969	576
970	69
970	297
970	325
970	523
971	17
971	18
971	42
972	136
972	161
972	196
973	113
976	1
976	64
976	196
976	280
976	404
976	514
976	609
977	1
977	32
977	59
977	100
977	128
978	272
979	64
980	2
980	224
981	58
982	8
984	104
984	712
985	33
985	96
986	768
986	994
987	528
990	257
992	113
992	150
992	162
992	270
992	386
992	523
993	97
993	150
994	14
994	20
996	163
996	244
996	304
996	901
997	732
1000	121
1003	4
1003	5
1003	104
1007	427
1011	200
1013	680
1016	156
1016	832
